0
1.1
5.3
9.5
13.6
18.4
23.5
28.3
32.6
35.3
36.4
36.2
35.4
34.7
34.3
34
34
33.5
33
32.1
31.2
30.5
29.5
29
28.3
27.7
27.2
26.1
25.5
24.9
24.2
23.6
22.9
22.3
21.8
21.2
20.6
20.4
19.6
18.9
18.5
17.9
17.5
17.2
16.7
16.2
15.8
15.5
14.9
14.5
14
13.5
12.9
12.5
11.9
11.5
10.9
10.4
10
9.3
8.8
8.4
8.2
3.2
-11.2
-24.3
-28.9
-32.3
-33.3
-33.3
-33.2
-32.3
-31.5
-31
-30.6
-29.8
-28.7
-28.2
-27.4
-26.2
-25.4
-25.1
-24.8
-23.7
-23
-23.3
-22.3
-21.3
-21.3
-21.5
-20.1
-20.4
-20.1
-20.1
-19.8
-19.4
-19.2
-18.9
-17.7
-16.8
-16.7
-16.3
-15.2
-14.6
-14.3
-14.2
-13.8
-13.2
-12.4
-11.3
-11.9
-11.1
-11.1
-10.5
-10.3
-9.6
-9.3
-9.5
-9.6
-8.8
-8.3
-7.7
-7.5
-7.4
-7
-6.8
-6.5
-6.2
-5.9
-5.9
-5.8
-5.5
-5.3
-5.1
-4.9
-4.5
-4.4
-4.5
-4.2
-4.4
-4.5
-4.6
-4.6
-4.3
-3.8
-3.3
0
0
0
0
0
0
0
0
0
0
0
0
0
0
0
0
0
0
0
0
0
0
0
0
0
0
0
0
0
0
0
0
0
0
0
0
0
0
0
0
0
0
0
0
0
0
0
0
0
0
0
0
0
0
0
0
0
0
0
0
0
0
0
0
0
0
0
0
0
0
0
0
0
0
0
0
0
0
0
0
0
0
0
0
0
0
0
0
0
0
0
0
0
0
0
0
0
0
0
0
0
0
0
0
