0
3.4
5.2
8.4
13.4
17.6
22.6
27.7
31.7
35
36.5
36.9
36.5
35.8
35.1
34.5
34
33.6
33.4
32.5
31.9
31.3
30.3
29.6
28.7
27.9
27.2
26.2
25.7
25.4
24.6
24.3
24.2
23.4
22.8
22.2
21.5
20.8
19.8
19.1
18.2
17.8
17
16.1
15.6
14.7
14.1
13.4
12.8
12.2
11.9
11.6
11.2
11
10.4
10
9.9
9.5
9.2
9.2
8.9
8.9
9.1
3.6
-10.4
-22.8
-27.5
-30.3
-31.5
-31.9
-31.6
-31.3
-30.1
-29.9
-29.8
-28.9
-28.1
-26.5
-26
-25.4
-24.9
-24
-23.6
-23.1
-23.3
-22.2
-22.2
-21.6
-20.7
-20.6
-20.8
-19.9
-19.7
-19.4
-18.9
-18.3
-17.2
-16.8
-16.2
-15.6
-16.1
-15.6
-15
-13.8
-13.4
-12.6
-12.8
-12.7
-12.9
-12.2
-11.5
-11.3
-11.2
-11
-10.5
-9.7
-9.8
-8.6
-9.4
-8.7
-8.3
-8.2
-7.6
-7.3
-6.9
-6.5
-6.7
-5.8
-5.3
-5.1
-4.9
-4.4
-4.1
-3.9
-3.9
-3.7
-3.3
-3
0
0
0
0
0
0
0
0
0
0
0
0
0
0
0
0
0
0
0
0
0
0
0
0
0
0
0
0
0
0
0
0
0
0
0
0
0
0
0
0
0
0
0
0
0
0
0
0
0
0
0
0
0
0
0
0
0
0
0
0
0
0
0
0
0
0
0
0
0
0
0
0
0
0
0
0
0
0
0
0
0
0
0
0
0
0
0
0
0
0
0
0
0
0
0
0
0
0
0
0
0
0
0
0
0
0
0
0
0
0
0
0
0
