0
1.1
4.2
7.4
11.2
15.8
20.7
25.5
29.8
33.4
35.1
35.3
35
34.3
34.1
33.8
33.5
33
32.6
31.7
31
30.3
29.6
28.9
28.2
27.8
27
26.1
25.4
24.9
24.2
23.6
23
22.5
22.2
21.7
21.3
20.8
20.3
20.2
19.7
19
18.8
18.5
17.9
17.8
17.7
17.3
16.7
16.6
15.8
15.5
15.1
14.3
14
13.5
13.1
12.7
11.9
11.6
11.2
10.7
10.2
6.6
-3.9
-16.4
-25.3
-30.4
-32.6
-32.7
-33
-32.8
-32
-30.6
-30.6
-30.5
-29.3
-28.7
-27
-26.2
-26
-25.4
-24.9
-24.5
-23.7
-23.1
-22.2
-22.5
-21.9
-21.9
-21.2
-21
-20.5
-20.2
-20.3
-19.4
-19.7
-18.8
-18.5
-18
-17.2
-16.8
-16.1
-15.3
-14.6
-14.6
-13.8
-14.2
-13.4
-12.9
-12.2
-11.4
-11.6
-11.4
-11
-10.2
-9.9
-9.7
-8.9
-8.8
-8.7
-9
-8.8
-8.5
-8.1
-7.9
-7.5
-7.1
-6.8
-6.2
-6.4
-5.9
-5.5
-5.3
-5.4
-5.3
-5.3
-5.4
-5.4
-5.3
-5
-4.4
-4
-3.7
-3.7
-3.7
-3.8
-3.6
-3.6
-3.4
-3.3
-3.4
-3.5
-3.4
-3.6
-3.8
-3.8
-4
-4
-4
-3.9
-3.7
-3.4
-3.2
-3.1
-3.2
-3.3
-3.2
-3.1
0
0
0
0
0
0
0
0
0
0
0
0
0
0
0
0
0
0
0
0
0
0
0
0
0
0
0
0
0
0
0
0
0
0
0
0
0
0
0
0
0
0
0
0
0
0
0
0
0
0
0
0
0
0
0
0
0
0
0
0
0
0
0
0
0
0
0
0
0
0
0
0
0
0
0
0
0
0
0
0
0
0
