0
3.8
7.3
10.6
15.9
21.3
26.1
31
35
36.7
37.6
37.3
36.8
36.1
35.5
35.4
34.9
34.2
33.5
33
32.2
31.5
30.8
29.9
29.5
28.8
28
27.2
26.6
25.8
25.1
24.2
23.6
22.6
22
21.6
21
20.6
20.1
19.6
19.2
18.6
17.7
17.2
16.7
15.9
15.2
14.3
13.6
12.9
12.1
11.5
10.8
10.5
10
9.5
9.1
8.9
8.8
8.4
8.1
8
5.1
-4.7
-17.9
-26.4
-30.5
-32.4
-32.4
-32.4
-32.2
-31.2
-30.9
-30.5
-29.9
-29
-27.9
-27.3
-26.8
-26
-25.7
-24.6
-24.6
-23.7
-23.4
-22.5
-22.2
-21.2
-20.9
-20.7
-20.2
-19.3
-19.3
-18.9
-19
-18.1
-17.2
-17.2
-17
-16.7
-16.7
-16.5
-14.8
-14.2
-13
-13
-13.3
-13.6
-12.9
-12.6
-12.2
-11.5
-10.8
-10.7
-11
-10.7
-9.8
-9.9
-9.5
-9.5
-9.3
-8.9
-8.4
-8
-7.3
-7
-6.7
-6.8
-6.7
-6.4
-6.4
-6
-5.6
-4.8
-4.8
-4.3
-3.9
-3.5
-3.3
-3.3
-3
0
0
0
0
0
0
0
0
0
0
0
0
0
0
0
0
0
0
0
0
0
0
0
0
0
0
0
0
0
0
0
0
0
0
0
0
0
0
0
0
0
0
0
0
0
0
0
0
0
0
0
0
0
0
0
0
0
0
0
0
0
0
0
0
0
0
0
0
0
0
0
0
0
0
