0
1.1
0.7
1.4
2
4.1
6.8
9.4
13.4
17.9
22.5
27
31.4
35
37.9
39.1
39.1
38.4
37.6
37.2
36.8
36.7
36.7
36.1
35.5
34.6
33.9
33.2
32.5
32.1
31.4
30.7
30.3
29.5
29
28.2
27.6
27.2
26.8
26.4
25.8
25.8
25.6
25.1
24.5
24.4
24
23.7
23.6
23.1
23
22.7
22.4
22.3
22
21.5
20.8
20.4
20.1
19.3
19
18.9
18
17.6
17.5
17
16.2
16.5
6.6
-7.8
-19.9
-24.4
-28.6
-30.4
-30.9
-29.7
-30
-28.3
-27.6
-27.8
-27.3
-26.4
-26.3
-26.7
-26.3
-25.5
-25
-24.3
-24.2
-24.1
-24.5
-24
-24.1
-23.9
-23.7
-23.6
-23.9
-23.5
-22.9
-23.2
-23.4
-23
-22.7
-22.1
-21.3
-21
-21.3
-20.8
-20.3
-19.6
-19.3
-19
-18.6
-18.5
-17.1
-17.1
-16.6
-16
-16
-16
-14.9
-13.7
-13.1
-12.8
-13
-12.1
-11.9
-12.3
-12
-10.9
-10.5
-10.3
-9.9
-9.4
-9
-8.8
-8.7
-8.3
-8.1
-7.8
-7.7
-7.3
-7.2
-7
-6.7
-6.6
-6.1
-5.9
-5.6
-5.7
-5.9
-6
-5.9
-6
-5.6
-5.4
-4.9
-4.7
-4.7
-4.7
-4.4
-4.4
-4.7
-4.7
-4.7
-4.7
-4.7
-4.8
-4.8
-4.9
-4.9
-4.9
-4.7
-4.5
-4.5
-4.2
-3.8
-3.7
-3.6
-3.2
-3
0
0
0
0
0
0
0
0
0
0
0
0
0
0
0
0
0
0
0
0
0
0
0
0
0
0
0
0
0
0
0
0
0
0
0
0
0
0
0
0
0
0
0
0
0
0
0
0
0
0
0
0
0
0
0
0
0
0
0
0
0
0
0
0
0
0
0
0
0
0
0
0
0
0
0
0
0
0
0
0
0
0
0
0
0
0
0
0
0
