0
1.3
4.4
7.8
10.5
14.9
20.2
24.6
29.3
33.4
35.7
37
37.3
36.7
36.2
35.5
35
34.5
33.7
33.1
32.2
31.5
31.1
30.5
29.9
29.5
28.9
28.2
27.4
26.6
25.8
25.1
24.4
23.9
22.9
22.2
21.6
20.8
20
19.7
19.1
18.4
17.9
17.5
17.3
16.7
16.2
15.8
15.2
14.9
14.3
13.9
13.8
13.3
13
12.8
12.3
12.2
11.7
11.1
10.8
10.5
9.9
6.4
-4.1
-17.2
-26.1
-30.7
-33
-32.6
-32.6
-32
-31.7
-31.2
-30.2
-30
-29
-29
-27.8
-26.7
-26.2
-25.9
-24.9
-24.6
-24.2
-23.9
-22.8
-21.8
-21.5
-20.6
-20.7
-19.8
-19.6
-20.4
-19.7
-19.2
-19
-18.8
-18
-17.3
-16.8
-16.9
-15.8
-15.5
-15
-15.2
-14.7
-14.3
-13.4
-13.1
-12.2
-12.4
-11.7
-11.3
-11
-10.8
-10.2
-10
-10.1
-9.3
-9.2
-9
-8.2
-7.8
-7.5
-7.4
-7.3
-6.9
-6.8
-6.4
-6.3
-5.9
-5.7
-5.5
-5
-4.7
-4.3
-4
-3.9
-3.8
-3.7
-3.5
-3.2
-3.1
0
0
0
0
0
0
-3.1
-3.2
-3
0
0
0
0
0
0
0
0
0
0
0
0
0
0
0
0
0
0
0
0
0
0
0
0
0
0
0
0
0
0
0
0
0
0
0
0
0
0
0
0
0
0
0
0
0
0
0
0
0
0
0
0
0
0
0
0
0
0
0
0
0
0
0
0
0
0
0
0
0
0
0
0
0
0
0
0
0
0
0
0
0
0
0
0
0
0
0
0
0
0
0
0
0
0
0
0
0
0
